132 70 4 142 56 120
134 122 4 142 56 120
134 122 4 142 56 82
132 88 0 146 55 82
28 70 4 142 56 82
28 70 4 142 56 120
132 70 4 142 56 120
134 122 4 142 56 120
134 122 4 142 56 82
132 88 0 146 55 82
28 70 4 142 56 82
28 70 4 142 56 120
132 70 4 142 56 120
134 122 4 142 56 120
134 122 4 142 56 82
132 88 0 146 55 82
28 70 4 142 56 82
28 70 4 142 56 120
132 70 4 142 56 120
134 122 4 142 56 120
134 122 4 142 56 82
132 88 0 146 55 82
28 70 4 142 56 82
28 70 4 142 56 120
132 70 4 142 56 120
134 122 4 142 56 120
134 122 4 142 56 82
132 88 0 146 55 82
28 70 4 142 56 82
28 70 4 142 56 120
132 70 4 142 56 120
134 122 4 142 56 120
134 122 4 142 56 82
132 88 0 146 55 82
28 70 4 142 56 82
28 70 4 142 56 120
132 70 4 142 56 120
134 122 4 142 56 120
134 122 4 142 56 82
132 88 0 146 55 82
28 70 4 142 56 82
28 70 4 142 56 120



